0 0.365000 0.340000 0.130000 0.120000
0 0.450000 0.329333 0.140000 0.141333
0 0.515000 0.329333 0.170000 0.141333
0 0.515000 0.329333 0.170000 0.141333
0 0.515000 0.329333 0.170000 0.141333
0 0.515000 0.329333 0.170000 0.141333
0 0.515000 0.329333 0.170000 0.141333
0 0.515000 0.329333 0.170000 0.141333
0 0.515000 0.329333 0.170000 0.141333
0 0.515000 0.329333 0.170000 0.141333
0 0.515000 0.329333 0.170000 0.141333
0 0.515000 0.329333 0.170000 0.141333
0 0.515000 0.329333 0.170000 0.141333
0 0.515000 0.329333 0.170000 0.141333
0 0.515000 0.329333 0.170000 0.141333
0 0.515000 0.329333 0.170000 0.141333
0 0.515000 0.329333 0.170000 0.141333
0 0.515000 0.329333 0.170000 0.141333
0 0.515000 0.329333 0.170000 0.141333
0 0.515000 0.329333 0.170000 0.141333
0 0.515000 0.329333 0.170000 0.141333
0 0.515000 0.329333 0.170000 0.141333
0 0.515000 0.329333 0.170000 0.141333
0 0.515000 0.329333 0.170000 0.141333
0 0.515000 0.329333 0.170000 0.141333
0 0.515000 0.329333 0.170000 0.141333
0 0.515000 0.329333 0.170000 0.141333
0 0.515000 0.329333 0.170000 0.141333
0 0.515000 0.329333 0.170000 0.141333
