0 0.365000 0.617910 0.490000 0.561194
0 0.175000 0.229851 0.250000 0.340299
0 0.175000 0.229851 0.250000 0.340299
0 0.175000 0.229851 0.250000 0.340299
0 0.175000 0.229851 0.250000 0.340299
0 0.175000 0.229851 0.250000 0.340299
0 0.175000 0.229851 0.250000 0.340299
0 0.175000 0.229851 0.250000 0.340299
0 0.175000 0.229851 0.250000 0.340299
0 0.175000 0.229851 0.250000 0.340299
0 0.175000 0.229851 0.250000 0.340299
0 0.175000 0.229851 0.250000 0.340299
0 0.175000 0.229851 0.250000 0.340299
0 0.175000 0.229851 0.250000 0.340299
0 0.175000 0.229851 0.250000 0.340299
0 0.175000 0.229851 0.250000 0.340299
0 0.175000 0.229851 0.250000 0.340299
0 0.175000 0.229851 0.250000 0.340299
0 0.175000 0.229851 0.250000 0.340299
0 0.175000 0.229851 0.250000 0.340299
0 0.175000 0.229851 0.250000 0.340299
0 0.175000 0.229851 0.250000 0.340299
0 0.175000 0.229851 0.250000 0.340299
0 0.175000 0.229851 0.250000 0.340299
0 0.175000 0.229851 0.250000 0.340299
0 0.175000 0.229851 0.250000 0.340299
0 0.175000 0.229851 0.250000 0.340299
0 0.175000 0.229851 0.250000 0.340299
0 0.175000 0.229851 0.250000 0.340299
0 0.175000 0.229851 0.250000 0.340299
